_T_20_ 66 10 45 10 5 8 10 12 10 54
_E_5_ 76 23 10 8 10 44 10 73 12 9
_Z_26_ 10 1 47 10 88 10 2 10 76 10
_R_18_ 10 11 22 10 10 10 10 10 45 23
_G_7_ 10 26 10 10 35 10 10 10 10 3
_N_14_ 5 10 7 10 10 2 23 28 10 10
_U_21_ 3 10 12 10 10 10 3 10 10 10
_C_3_ 10 5 66 10 22 10 10 3 8 10
_I_9_ 2 10 10 6 10 10 10 23 10 10
_K_11_ 10 15 23 10 10 12 10 10 65 10
_W_23_ 10 36 10 38 10 2 10 10 10 10
_J_10_ 10 31 43 45 24 10 10 44 10 10
_O_15_ 11 22 33 44 55 66 77 88 99 1
_H_8_ 2 10 52 10 10 10 33 10 2 10
_P_16_ 4 10 10 2 10 10 10 23 10 10
_Q_17_ 10 10 10 10 14 10 77 10 10 10
_B_2_ 11 34 29 10 34 10 10 5 10 10
_S_19_ 99 2 10 10 10 10 4 10 10 10
_L_12_ 10 10 10 13 10 10 23 44 57 10
_V_22_ 31 13 30 10 10 10 10 10 2 10
_D_4_ 10 8 10 31 33 42 10 52 61 80
_Y_25_ 10 2 10 10 88 10 10 10 10 10
_A_1_ 10 10 34 10 10 43 10 10 10 10
_M_13_ 10 77 10 10 10 42 10 10 51 10
_F_6_ 10 10 10 31 10 8 10 10 10 10
_X_24_ 10 13 10 15 9 2 10 4 5 6
