_A_1_ 10 10 10 10 10 10 10 10 10 10
_B_2_ 10 10 10 10 10 10 10 10 10 10
_C_3_ 10 10 10 10 10 10 10 10 10 10
_D_4_ 10 10 10 10 10 10 10 10 10 10
_E_5_ 10 10 10 10 10 10 10 10 10 10
_F_6_ 10 10 10 10 10 10 10 10 10 10
_G_7_ 10 10 10 10 10 10 10 10 10 10
_H_8_ 10 10 10 10 10 10 10 10 10 10
_I_9_ 10 10 10 10 10 10 10 10 10 10
_J_10_ 10 10 10 10 10 10 10 10 10 10
_K_11_ 10 10 10 10 10 10 10 10 10 10
_L_12_ 10 10 10 10 10 10 10 10 10 10
_M_13_ 10 10 10 10 10 10 10 10 10 10
_N_14_ 10 10 10 10 10 10 10 10 10 10
_O_15_ 10 10 10 10 10 10 10 10 10 10
_P_16_ 10 10 10 10 10 10 10 10 10 10
_Q_17_ 10 10 10 10 10 10 10 10 10 10
_R_18_ 10 10 10 10 10 10 10 10 10 10
_S_19_ 10 10 10 10 10 10 10 10 10 10
_T_20_ 10 10 10 10 10 10 10 10 10 10
_U_21_ 10 10 10 10 10 10 10 10 10 10
_V_22_ 10 10 10 10 10 10 10 10 10 10
_W_23_ 10 10 10 10 10 10 10 10 10 10
_X_24_ 10 10 10 10 10 10 10 10 10 10
_Y_25_ 10 10 10 10 10 10 10 10 10 10
_Z_26_ 10 10 10 10 10 10 10 10 10 10
